P2
# Nothing to hide ;)
64 64
255
131 2   2   2   2   2   2   2   131 128 225 8   255 129 32  249 131 225 255 32  2   225 255 32  131 8   32  128 255 249 225 129 131 255 2   255 2   255 2   255 131 129 225 249 255 128 32  8   131 32  255 225 2   32  255 225 131 249 32  129 255 8   225 128
2   2   2   2   2   2   2   2   2   128 225 8   255 129 32  249 2   225 255 32  2   225 255 32  2   8   32  128 255 249 225 129 2   255 2   255 2   255 2   255 2   129 225 249 255 128 32  8   2   32  255 225 2   32  255 225 2   249 32  129 255 8   225 128
2   2   2   2   2   2   2   2   2   128 225 8   255 129 32  249 2   225 255 32  2   225 255 32  2   8   32  128 255 249 225 129 2   255 2   255 2   255 2   255 2   129 225 249 255 128 32  8   2   32  255 225 2   32  255 225 2   249 32  129 255 8   225 128
2   2   2   2   2   2   2   2   2   128 225 8   255 129 32  249 2   225 255 32  2   225 255 32  2   8   32  128 255 249 225 129 2   255 2   255 2   255 2   255 2   129 225 249 255 128 32  8   2   32  255 225 2   32  255 225 2   249 32  129 255 8   225 128
2   2   2   2   2   2   2   2   2   128 225 8   255 129 32  249 2   225 255 32  2   225 255 32  2   8   32  128 255 249 225 129 2   255 2   255 2   255 2   255 2   129 225 249 255 128 32  8   2   32  255 225 2   32  255 225 2   249 32  129 255 8   225 128
2   2   2   2   2   2   2   2   2   128 225 8   255 129 32  249 2   225 255 32  2   225 255 32  2   8   32  128 255 249 225 129 2   255 2   255 2   255 2   255 2   129 225 249 255 128 32  8   2   32  255 225 2   32  255 225 2   249 32  129 255 8   225 128
2   2   2   2   2   2   2   2   2   128 225 8   255 129 32  249 2   225 255 32  2   225 255 32  2   8   32  128 255 249 225 129 2   255 2   255 2   255 2   255 2   129 225 249 255 128 32  8   2   32  255 225 2   32  255 225 2   249 32  129 255 8   225 128
2   2   2   2   2   2   2   2   2   128 225 8   255 129 32  249 2   225 255 32  2   225 255 32  2   8   32  128 255 249 225 129 2   255 2   255 2   255 2   255 2   129 225 249 255 128 32  8   2   32  255 225 2   32  255 225 2   249 32  129 255 8   225 128
131 2   2   2   2   2   2   2   131 128 225 8   255 129 32  249 131 225 255 32  2   225 255 32  131 8   32  128 255 249 225 129 131 255 2   255 2   255 2   255 131 129 225 249 255 128 32  8   131 32  255 225 2   32  255 225 131 249 32  129 255 8   225 128
128 128 128 128 128 128 128 128 128 225 8   255 129 32  249 2   128 8   129 249 128 8   129 249 128 255 249 225 129 2   8   32  128 129 128 129 128 129 128 129 128 32  8   2   129 225 249 255 128 249 129 8   128 249 129 8   128 2   249 32  129 255 8   225
225 225 225 225 225 225 225 225 225 8   255 129 32  249 2   128 225 255 32  2   225 255 32  2   225 129 2   8   32  128 255 249 225 32  225 32  225 32  225 32  225 249 255 128 32  8   2   129 225 2   32  255 225 2   32  255 225 128 2   249 32  129 255 8  
8   8   8   8   8   8   8   8   8   255 129 32  249 2   128 225 8   129 249 128 8   129 249 128 8   32  128 255 249 225 129 2   8   249 8   249 8   249 8   249 8   2   129 225 249 255 128 32  8   128 249 129 8   128 249 129 8   225 128 2   249 32  129 255
255 255 255 255 255 255 255 255 255 129 32  249 2   128 225 8   255 32  2   225 255 32  2   225 255 249 225 129 2   8   32  128 255 2   255 2   255 2   255 2   255 128 32  8   2   129 225 249 255 225 2   32  255 225 2   32  255 8   225 128 2   249 32  129
129 129 129 129 129 129 129 129 129 32  249 2   128 225 8   255 129 249 128 8   129 249 128 8   129 2   8   32  128 255 249 225 129 128 129 128 129 128 129 128 129 225 249 255 128 32  8   2   129 8   128 249 129 8   128 249 129 255 8   225 128 2   249 32 
32  32  32  32  32  32  32  32  32  249 2   128 225 8   255 129 32  2   225 255 32  2   225 255 32  128 255 249 225 129 2   8   32  225 32  225 32  225 32  225 32  8   2   129 225 249 255 128 32  255 225 2   32  255 225 2   32  129 255 8   225 128 2   249
249 249 249 249 249 249 249 249 249 2   128 225 8   255 129 32  249 128 8   129 249 128 8   129 249 225 129 2   8   32  128 255 249 8   249 8   249 8   249 8   249 255 128 32  8   2   129 225 249 129 8   128 249 129 8   128 249 32  129 255 8   225 128 2  
131 2   2   2   2   2   2   2   131 128 225 8   255 129 32  249 131 225 255 32  2   225 255 32  131 8   32  128 255 249 225 129 131 255 2   255 2   255 2   255 131 129 225 249 255 128 32  8   131 32  255 225 2   32  255 225 131 249 32  129 255 8   225 128
225 225 225 225 225 225 225 225 225 8   255 129 32  249 2   128 225 255 32  2   225 255 32  2   225 129 2   8   32  128 255 249 225 32  225 32  225 32  225 32  225 249 255 128 32  8   2   129 225 2   32  255 225 2   32  255 225 128 2   249 32  129 255 8  
255 255 255 255 255 255 255 255 255 129 32  249 2   128 225 8   255 32  2   225 255 32  2   225 255 249 225 129 2   8   32  128 255 2   255 2   255 2   255 2   255 128 32  8   2   129 225 249 255 225 2   32  255 225 2   32  255 8   225 128 2   249 32  129
32  32  32  32  32  32  32  32  32  249 2   128 225 8   255 129 32  2   225 255 32  2   225 255 32  128 255 249 225 129 2   8   32  225 32  225 32  225 32  225 32  8   2   129 225 249 255 128 32  255 225 2   32  255 225 2   32  129 255 8   225 128 2   249
2   2   2   2   2   2   2   2   2   128 225 8   255 129 32  249 2   225 255 32  2   225 255 32  2   8   32  128 255 249 225 129 2   255 2   255 2   255 2   255 2   129 225 249 255 128 32  8   2   32  255 225 2   32  255 225 2   249 32  129 255 8   225 128
225 225 225 225 225 225 225 225 225 8   255 129 32  249 2   128 225 255 32  2   225 255 32  2   225 129 2   8   32  128 255 249 225 32  225 32  225 32  225 32  225 249 255 128 32  8   2   129 225 2   32  255 225 2   32  255 225 128 2   249 32  129 255 8  
255 255 255 255 255 255 255 255 255 129 32  249 2   128 225 8   255 32  2   225 255 32  2   225 255 249 225 129 2   8   32  128 255 2   255 2   255 2   255 2   255 128 32  8   2   129 225 249 255 225 2   32  255 225 2   32  255 8   225 128 2   249 32  129
32  32  32  32  32  32  32  32  32  249 2   128 225 8   255 129 32  2   225 255 32  2   225 255 32  128 255 249 225 129 2   8   32  225 32  225 32  225 32  225 32  8   2   129 225 249 255 128 32  255 225 2   32  255 225 2   32  129 255 8   225 128 2   249
131 2   2   2   2   2   2   2   131 128 225 8   255 129 32  249 131 225 255 32  2   225 255 32  131 8   32  128 255 249 225 129 131 255 2   255 2   255 2   255 131 129 225 249 255 128 32  8   131 32  255 225 2   32  255 225 131 249 32  129 255 8   225 128
8   8   8   8   8   8   8   8   8   255 129 32  249 2   128 225 8   129 249 128 8   129 249 128 8   32  128 255 249 225 129 2   8   249 8   249 8   249 8   249 8   2   129 225 249 255 128 32  8   128 249 129 8   128 249 129 8   225 128 2   249 32  129 255
32  32  32  32  32  32  32  32  32  249 2   128 225 8   255 129 32  2   225 255 32  2   225 255 32  128 255 249 225 129 2   8   32  225 32  225 32  225 32  225 32  8   2   129 225 249 255 128 32  255 225 2   32  255 225 2   32  129 255 8   225 128 2   249
128 128 128 128 128 128 128 128 128 225 8   255 129 32  249 2   128 8   129 249 128 8   129 249 128 255 249 225 129 2   8   32  128 129 128 129 128 129 128 129 128 32  8   2   129 225 249 255 128 249 129 8   128 249 129 8   128 2   249 32  129 255 8   225
255 255 255 255 255 255 255 255 255 129 32  249 2   128 225 8   255 32  2   225 255 32  2   225 255 249 225 129 2   8   32  128 255 2   255 2   255 2   255 2   255 128 32  8   2   129 225 249 255 225 2   32  255 225 2   32  255 8   225 128 2   249 32  129
249 249 249 249 249 249 249 249 249 2   128 225 8   255 129 32  249 128 8   129 249 128 8   129 249 225 129 2   8   32  128 255 249 8   249 8   249 8   249 8   249 255 128 32  8   2   129 225 249 129 8   128 249 129 8   128 249 32  129 255 8   225 128 2  
225 225 225 225 225 225 225 225 225 8   255 129 32  249 2   128 225 255 32  2   225 255 32  2   225 129 2   8   32  128 255 249 225 32  225 32  225 32  225 32  225 249 255 128 32  8   2   129 225 2   32  255 225 2   32  255 225 128 2   249 32  129 255 8  
129 129 129 129 129 129 129 129 129 32  249 2   128 225 8   255 129 249 128 8   129 249 128 8   129 2   8   32  128 255 249 225 129 128 129 128 129 128 129 128 129 225 249 255 128 32  8   2   129 8   128 249 129 8   128 249 129 255 8   225 128 2   249 32 
131 2   2   2   2   2   2   2   131 128 225 8   255 129 32  249 131 225 255 32  2   225 255 32  131 8   32  128 255 249 225 129 131 255 2   255 2   255 2   255 131 129 225 249 255 128 32  8   131 32  255 225 2   32  255 225 131 249 32  129 255 8   225 128
255 255 255 255 255 255 255 255 255 129 32  249 2   128 225 8   255 32  2   225 255 32  2   225 255 249 225 129 2   8   32  128 255 2   255 2   255 2   255 2   255 128 32  8   2   129 225 249 255 225 2   32  255 225 2   32  255 8   225 128 2   249 32  129
2   2   2   2   2   2   2   2   2   128 225 8   255 129 32  249 2   225 255 32  2   225 255 32  2   8   32  128 255 249 225 129 2   255 2   255 2   255 2   255 2   129 225 249 255 128 32  8   2   32  255 225 2   32  255 225 2   249 32  129 255 8   225 128
255 255 255 255 255 255 255 255 255 129 32  249 2   128 225 8   255 32  2   225 255 32  2   225 255 249 225 129 2   8   32  128 255 2   255 2   255 2   255 2   255 128 32  8   2   129 225 249 255 225 2   32  255 225 2   32  255 8   225 128 2   249 32  129
2   2   2   2   2   2   2   2   2   128 225 8   255 129 32  249 2   225 255 32  2   225 255 32  2   8   32  128 255 249 225 129 2   255 2   255 2   255 2   255 2   129 225 249 255 128 32  8   2   32  255 225 2   32  255 225 2   249 32  129 255 8   225 128
255 255 255 255 255 255 255 255 255 129 32  249 2   128 225 8   255 32  2   225 255 32  2   225 255 249 225 129 2   8   32  128 255 2   255 2   255 2   255 2   255 128 32  8   2   129 225 249 255 225 2   32  255 225 2   32  255 8   225 128 2   249 32  129
2   2   2   2   2   2   2   2   2   128 225 8   255 129 32  249 2   225 255 32  2   225 255 32  2   8   32  128 255 249 225 129 2   255 2   255 2   255 2   255 2   129 225 249 255 128 32  8   2   32  255 225 2   32  255 225 2   249 32  129 255 8   225 128
255 255 255 255 255 255 255 255 255 129 32  249 2   128 225 8   255 32  2   225 255 32  2   225 255 249 225 129 2   8   32  128 255 2   255 2   255 2   255 2   255 128 32  8   2   129 225 249 255 225 2   32  255 225 2   32  255 8   225 128 2   249 32  129
131 2   2   2   2   2   2   2   131 128 225 8   255 129 32  249 131 225 255 32  2   225 255 32  131 8   32  128 255 249 225 129 131 255 2   255 2   255 2   255 131 129 225 249 255 128 32  8   131 32  255 225 2   32  255 225 131 249 32  129 255 8   225 128
129 129 129 129 129 129 129 129 129 32  249 2   128 225 8   255 129 249 128 8   129 249 128 8   129 2   8   32  128 255 249 225 129 128 129 128 129 128 129 128 129 225 249 255 128 32  8   2   129 8   128 249 129 8   128 249 129 255 8   225 128 2   249 32 
225 225 225 225 225 225 225 225 225 8   255 129 32  249 2   128 225 255 32  2   225 255 32  2   225 129 2   8   32  128 255 249 225 32  225 32  225 32  225 32  225 249 255 128 32  8   2   129 225 2   32  255 225 2   32  255 225 128 2   249 32  129 255 8  
249 249 249 249 249 249 249 249 249 2   128 225 8   255 129 32  249 128 8   129 249 128 8   129 249 225 129 2   8   32  128 255 249 8   249 8   249 8   249 8   249 255 128 32  8   2   129 225 249 129 8   128 249 129 8   128 249 32  129 255 8   225 128 2  
255 255 255 255 255 255 255 255 255 129 32  249 2   128 225 8   255 32  2   225 255 32  2   225 255 249 225 129 2   8   32  128 255 2   255 2   255 2   255 2   255 128 32  8   2   129 225 249 255 225 2   32  255 225 2   32  255 8   225 128 2   249 32  129
128 128 128 128 128 128 128 128 128 225 8   255 129 32  249 2   128 8   129 249 128 8   129 249 128 255 249 225 129 2   8   32  128 129 128 129 128 129 128 129 128 32  8   2   129 225 249 255 128 249 129 8   128 249 129 8   128 2   249 32  129 255 8   225
32  32  32  32  32  32  32  32  32  249 2   128 225 8   255 129 32  2   225 255 32  2   225 255 32  128 255 249 225 129 2   8   32  225 32  225 32  225 32  225 32  8   2   129 225 249 255 128 32  255 225 2   32  255 225 2   32  129 255 8   225 128 2   249
8   8   8   8   8   8   8   8   8   255 129 32  249 2   128 225 8   129 249 128 8   129 249 128 8   32  128 255 249 225 129 2   8   249 8   249 8   249 8   249 8   2   129 225 249 255 128 32  8   128 249 129 8   128 249 129 8   225 128 2   249 32  129 255
131 2   2   2   2   2   2   2   131 128 225 8   255 129 32  249 131 225 255 32  2   225 255 32  131 8   32  128 255 249 225 129 131 255 2   255 2   255 2   255 131 129 225 249 255 128 32  8   131 32  255 225 2   32  255 225 131 249 32  129 255 8   225 128
32  32  32  32  32  32  32  32  32  249 2   128 225 8   255 129 32  2   225 255 32  2   225 255 32  128 255 249 225 129 2   8   32  225 32  225 32  225 32  225 32  8   2   129 225 249 255 128 32  255 225 2   32  255 225 2   32  129 255 8   225 128 2   249
255 255 255 255 255 255 255 255 255 129 32  249 2   128 225 8   255 32  2   225 255 32  2   225 255 249 225 129 2   8   32  128 255 2   255 2   255 2   255 2   255 128 32  8   2   129 225 249 255 225 2   32  255 225 2   32  255 8   225 128 2   249 32  129
225 225 225 225 225 225 225 225 225 8   255 129 32  249 2   128 225 255 32  2   225 255 32  2   225 129 2   8   32  128 255 249 225 32  225 32  225 32  225 32  225 249 255 128 32  8   2   129 225 2   32  255 225 2   32  255 225 128 2   249 32  129 255 8  
2   2   2   2   2   2   2   2   2   128 225 8   255 129 32  249 2   225 255 32  2   225 255 32  2   8   32  128 255 249 225 129 2   255 2   255 2   255 2   255 2   129 225 249 255 128 32  8   2   32  255 225 2   32  255 225 2   249 32  129 255 8   225 128
32  32  32  32  32  32  32  32  32  249 2   128 225 8   255 129 32  2   225 255 32  2   225 255 32  128 255 249 225 129 2   8   32  225 32  225 32  225 32  225 32  8   2   129 225 249 255 128 32  255 225 2   32  255 225 2   32  129 255 8   225 128 2   249
255 255 255 255 255 255 255 255 255 129 32  249 2   128 225 8   255 32  2   225 255 32  2   225 255 249 225 129 2   8   32  128 255 2   255 2   255 2   255 2   255 128 32  8   2   129 225 249 255 225 2   32  255 225 2   32  255 8   225 128 2   249 32  129
225 225 225 225 225 225 225 225 225 8   255 129 32  249 2   128 225 255 32  2   225 255 32  2   225 129 2   8   32  128 255 249 225 32  225 32  225 32  225 32  225 249 255 128 32  8   2   129 225 2   32  255 225 2   32  255 225 128 2   249 32  129 255 8  
131 2   2   2   2   2   2   2   131 128 225 8   255 129 32  249 131 225 255 32  2   225 255 32  131 8   32  128 255 249 225 129 131 255 2   255 2   255 2   255 131 129 225 249 255 128 32  8   131 32  255 225 2   32  255 225 131 249 32  129 255 8   225 128
249 249 249 249 249 249 249 249 249 2   128 225 8   255 129 32  249 128 8   129 249 128 8   129 249 225 129 2   8   32  128 255 249 8   249 8   249 8   249 8   249 255 128 32  8   2   129 225 249 129 8   128 249 129 8   128 249 32  129 255 8   225 128 2  
32  32  32  32  32  32  32  32  32  249 2   128 225 8   255 129 32  2   225 255 32  2   225 255 32  128 255 249 225 129 2   8   32  225 32  225 32  225 32  225 32  8   2   129 225 249 255 128 32  255 225 2   32  255 225 2   32  129 255 8   225 128 2   249
129 129 129 129 129 129 129 129 129 32  249 2   128 225 8   255 129 249 128 8   129 249 128 8   129 2   8   32  128 255 249 225 129 128 129 128 129 128 129 128 129 225 249 255 128 32  8   2   129 8   128 249 129 8   128 249 129 255 8   225 128 2   249 32 
255 255 255 255 255 255 255 255 255 129 32  249 2   128 225 8   255 32  2   225 255 32  2   225 255 249 225 129 2   8   32  128 255 2   255 2   255 2   255 2   255 128 32  8   2   129 225 249 255 225 2   32  255 225 2   32  255 8   225 128 2   249 32  129
8   8   8   8   8   8   8   8   8   255 129 32  249 2   128 225 8   129 249 128 8   129 249 128 8   32  128 255 249 225 129 2   8   249 8   249 8   249 8   249 8   2   129 225 249 255 128 32  8   128 249 129 8   128 249 129 8   225 128 2   249 32  129 255
225 225 225 225 225 225 225 225 225 8   255 129 32  249 2   128 225 255 32  2   225 255 32  2   225 129 2   8   32  128 255 249 225 32  225 32  225 32  225 32  225 249 255 128 32  8   2   129 225 2   32  255 225 2   32  255 225 128 2   249 32  129 255 8  
128 128 128 128 128 128 128 128 128 225 8   255 129 32  249 2   128 8   129 249 128 8   129 249 128 255 249 225 129 2   8   32  128 129 128 129 128 129 128 129 128 32  8   2   129 225 249 255 128 249 129 8   128 249 129 8   128 2   249 32  129 255 8   225
